0010000001
1010000001
0110000001
1110000001
0001000001
1001000001
0101000001
1101000001
0011000001
1011000001
0111000001
1111000001
0000100001
1000100001
0100100001
1100100001
0010100001
1010100001
0110100001
1110100001
0001100001
1001100001
0101100001
1101100001
0011100001
1011100001
0111100001
1111100001
0000010001
1000010001
0100010001
1100010001
0010010001
1010010001
0110010001
1110010001
0001010001
1001010001
0101010001
1101010001
0011010001
1011010001
0111010001
1111010001
0000110001
1000110001
0100110001
1100110001
0010110001
1010110001
0110110001
1110110001
0001110001
1001110001
0101110001
1101110001
0011110001
1011110001
0111110001
1111110001
0000001001
1000001001
0100001001
1100001001
0010001001
1010001001
0110001001
1110001001
0001001001
1001001001
0101001001
1101001001
0011001001
1011001001
0111001001
1111001001
0000101001
1000101001
0100101001
1100101001
0010101001
1010101001
0110101001
1110101001
0001101001
1001101001
0101101001
1101101001
0011101001
1011101001
0111101001
1111101001
0000011001
1000011001
0100011001
1100011001
0010011001
1010011001
0110011001
1110011001
0001011001
1001011001
0101011001
1101011001
0011011001
1011011001
0111011001
1111011001
0000111001
1000111001
0100111001
1100111001
0010111001
1010111001
0110111001
1110111001
0001111001
1001111001
0101111001
1101111001
11
0
0011111001
1011111001
0111111001
1111111001
0000000101
1000000101
0100000101
1100000101
0010000101
1010000101
0110000101
1110000101
0001000101
1001000101
0101000101
1101000101
0011000101
1011000101
0111000101
1111000101
0000100101
1000100101
0100100101
1100100101
0010100101
1010100101
0110100101
1110100101
0001100101
1001100101
0101100101
1101100101
0011100101
1011100101
0111100101
1111100101
0000010101
1000010101
0100010101
1100010101
0010010101
1010010101
0110010101
1110010101
0001010101
1001010101
0101010101
1101010101
0011010101
1011010101
0111010101
1111010101
0000110101
1000110101
0100110101
1100110101
0010110101
1010110101
0110110101
1110110101
0001110101
1001110101
0101110101
1101110101
0011110101
1011110101
0111110101
1111110101
0000001101
1000001101
0100001101
1100001101
0010001101
1010001101
0110001101
1110001101
0001001101
1001001101
0101001101
1101001101
0011001101
1011001101
0111001101
1111001101
0000101101
1000101101
0100101101
1100101101
0010101101
1010101101
0110101101
1110101101
0001101101
1001101101
0101101101
1101101101
0011101101
1011101101
0111101101
1111101101
0000011101
1000011101
0100011101
1100011101
0010011101
1010011101
0110011101
1110011101
0001011101
1001011101
0101011101
1101011101
0011011101
1011011101
0111011101
1111011101
0000111101
1000111101
0100111101
1100111101
0010111101
1010111101
0110111101
1110111101
0001111101
1001111101
0101111101
1101111101
0011111101
1011111101
0111111101
1111111101
000000001
100000001
